1110000 00000000000000000000000000000000
1110001 00000000000000000000000000000000
1110010 00000000000000000000000000000000
1110011 00000000000000001010101010101010
1110100 00000000000000000000000000000000
0000000 00010000000000000000001010000000000000000000000000000000000000000000000110001110000000000000000000000000000000000000000100000000000
1000000 000000000000000000000000000000000101000000000000000000000000010000
0100000 0000000000000000000000000000000000000000000000000000000000000000000000000000000000000000000000000000000000000000000000000000000000000000000000000000000000000000000000000000000000000000000000000000000000000000000000000000000010101010101110111100110011011101000000000000000000000000000000000000000000000000000000000000000000000000011000000000000000000000000000100000000000
0100001 0000000000000000000000000000000000000000000000000000000000000000000000000000000000000000000000000000000000000000000000000000000000000000000000000000000000000000000000000000000000000000000000000000000000000000000000000000000000000000000000000000000000000000000000000000000000000000000000000000000000000100000000000000000000000000011000000000000000000000000000100000000000
0010000 000000000000000000000000000000000010000000000000000000100000000010
1110101 00000000000000000000000000000000
1110110 00000000000000000000000000000000
1110111 00000000000000000000000000000000
1111000 00000000000000001010101010101010
1111001 00000000000000000000000000000000
1111111
