1110000 00000000000000000000000000001100
1110001 00000000000000000000000000000000
1110010 00000000000000000000000000000000
1110011 00000000000000001010101010101010
1110100 00000000000000000000000000000000
0000000 00000000000000000000001010000000000000000000000000000000000000000000000110001100100000000000000000000000000000000000000100000000000
1111100 00000000000000000000000000000000110000000000000000001000000010000
1100100 000001100100000000000000000000000000000000000000000001010000000000000000000000000000000000000000000
0010100 00000000000000000000000000000000001000000000000000001100000000000
1111101 0000000000000000000000000000000000000000000000000000000000000000000000000000000000000000000000000000000000000000000000000000000000000000000000000000000000000000000000000000000000000000000000000000000000000000000000000000000010101010101110111100110011011101111111111111111111111111111111110000000000000000000000000000000000000000000110000000000000000000000000100000100000
1111110 0000000000000000000000000000000000000000000000000000000000000000000000000000000000000000000000000000000000000000000000000000000000000000000000000000000000000000000000000000000000000000000000000000000000000000000000000000000000000000000000000000000000000000111111111111111111111111111111110000000000000100000000000000000000000000000110000000000000000000000000100000100000
1000000 00000000000000000000000000000000100000000000000000000000000010000
1110101 00000000000000000000000000000000
1110110 00000000000000000000000000000000
1110111 00000000000000000000000000000000
1111000 00000000000000001010101010101010
1111001 10101010101110111100110011011101
1111111
