1110000 00000000000000000000000000001100
1110001 00000000000000000000000000000000
1110010 00000000000000000000000000000000
1110011 00000000000000000000000000000000
1110100 00000000000000001010101010101010
0000000 00010000000000000000001010000000000000000000000000000000000000000000000110000001100000000000000000000000000000000000000100000000000
1000000 00000000000000000000000000000001000000000000000000000000000010000
1100100 000001100100000000000000000000000000000000000000000010011000000000000000000100000000000000000000000
0010100 00000000000000000000000000010000001000000000000000001100000000000
1111010 0000000000000000000000000000000000000000000000000000000000000000000000000000000000000000000000000000000000000000000000000000000000000000000000000000000000000000000000000000000000000000000000000000000000000000000000000000000000000000000000001010101010101010111111111111111111111111111111110000000000000000000000000000000000000100001000000000000000000000000001000000010000
1111011 0000000000000000000000000000000000000000000000000000000000000000000000000000000000000000000000000000000000000000000000000000000000000000000000000000000000000000000000000000000000000000000000000000000000000000000000000000000000000000000000000000000000000000111111111111111111111111111111110000000000000100000000000000000000000100001000000000000000000000000001000000010000
0010000 00000000000000000000000000000000010000000000000000000100000000000
1110101 00000000000000000000000000001100
1110110 00000000000000000000000000000000
1110111 00000000000000000000000000000000
1111000 00000000000000000000000000000000
1111001 00000000000000001010101010101010
1111111
