1110000 00000000000000000000000000000000
1110001 00000000000000000000000000000000
1110010 00000000000000000000000000000000
1110011 00000000000000001010101010101010
1110100 00000000000000001010101010101010
0000000 00001000000000000000000010000000000000000000000000000000000000000000000110000010000000000000000000000000000000000000000100000000000
1010000 0000000000000000000000000000000000000000000000000000000000000000000000000000000000000000000000000000000000000000000000000000000000000000000000000000000000000000000000000000000000000000000000000000000000000000000000000000000000000000000000001010101010101010111111111111111111111111111111110000000000000000000000000000000000000000101000000000000000000000000000000000010000
1010001 0000000000000000000000000000000000000000000000000000000000000000000000000000000000000000000000000000000000000000000000000000000000000000000000000000000000000000000000000000000000000000000000000000000000000000000000000000000000000000000000000000000000000000111111111111111111111111111111110000000000000100000000000000000000000000101000000000000000000000000000000000010000
0000000 00001000000000000000001010000000000000000000000000000000000000000000000110001110100000000000000000000000000000000000000100000000000
1000000 000000000000000000010000000000100101000000000000000000000000010000
0100000 0000000000000000000000000000000000000000000000000000000000000000000000000000000000000000000000000000000000000000000000000000000000000000000000000000000000000000000000000000000000000000000000000000000000000000000000000000000010101010101110111100110011011101111111111111111111111111111111110000000000000000000000000000000000000000000110000000000000000001000000100000000000
0100001 0000000000000000000000000000000000000000000000000000000000000000000000000000000000000000000000000000000000000000000000000000000000000000000000000000000000000000000000000000000000000000000000000000000000000000000000000000000000000000000000000000000000000000111111111111111111111111111111110000000000000100000000000000000000000000000110000000000000000001000000100000000000
1110101 00000000000000000000000000000000
1110110 00000000000000000000000000000000
1110111 00000000000000000000000000000000
1111000 00000000000000001010101010101010
1111001 10101010101110111100110011011101
1111111
