1110000 00000000000000000000000000000011
1110001 00000000000000000000000000000000
1110010 00000000000000000000000000000000
1110011 00000000000000000000000000000000
1110100 00000000000000000000000000000000
0000000 00000000000001000000000010000000000000000000000000000000000000000000000110000110100000000000000000000000000000000000000100000000000
1000000 00000000000000000000000000000000100000000000000000000000000010000
1110101 00000000000000000000000000000000
1110110 00000000000000000000000000000000
1110111 00000000000000000000000000000000
1111000 00000000000000000000000000000000
1111001 00000000000000000000000000000000
1111111