1110000 00000000000000000000000000001100
1110001 00000000000000000000000000000000
1110010 00000000000000000000000000000000
1110011 00000000000000000000000000000000
1110100 00000000000000001010101010101010
0000000 00011000000000000000000010000000000000000000000000000000000000000000000110010011000000000000000000000000000000000000000100000000000
1100100 000001101100000000000000000000000000000000000000000000100000000000000000000000000000000000000000000
0100100 0000000000000000000000000000000000000000000000000000000000000000000000000000000000000000000000000000000000000000000000000000000000000000000000000000000000000000000000000000000000000000000000000000000000000000000000000000000000000000000000001010101010101010111111111111111111111111111111111111111111111001100000000000011100000011100010000000000000000000000001100000000000
0100101 0000000000000000000000000000000000000000000000000000000000000000000000000000000000000000000000000000000000000000000000000000000000000000000000000000000000000000000000000000000000000000000000000000000000000000000000000000000000000000000000000000000000000000111111111111111111111111111111111111111111111101100000000000011100000011100010000000000000000000000001100000000000
1010000 0000000000000000000000000000000000000000000000000000000000000000000000000000000000000000000000000000000000000000000000000000000000000000000000000000000000000000000000000000000000000000000000000000000000000000000000000000000000000000000000000000000000000000000000000000000000001010101010101010111111111111111111111111111111110000000000000000000000000000000000000010101000000000000000000000000000000000010000
1010001 0000000000000000000000000000000000000000000000000000000000000000000000000000000000000000000000000000000000000000000000000000000000000000000000000000000000000000000000000000000000000000000000000000000000000000000000000000000000000000000000000000000000000000000000000000000000000000000000000000111111111111111111111111111111110000000000000100000000000000000000000010101000000000000000000000000000000000010000
0010000 00000000000000000000000000110000010000000000000000000100000000000
1110101 00000000000000000000000000001111
1110110 00000000000000000000000000000011
1110111 00000000000000000000000000000000
1111000 00000000000000001010101010101010
1111001 00000000000000001010101010101010
1111111
