1110000 00000000000000000000000000000100
1110001 00000000000000000000000000000000
1110010 00000000000000000000000000000000
1110011 00000000000000001010101010101010
1110100 10101010101110111100110011011101
0000000 00010000000000000000000010000000000000000000000000000000000000000000000110010011000000000000000000000000000000000000000100000000000
1100100 000001101100000000000000000000000000000000000000000010100000000000000000000100000000000000000000000
0100100 0000000000000000000000000000000000000000000000000000000000000000000000000000000000000000000000000000000000000000000000000000000000000000000000000000000000000000000000000000000000000000000000000000000000000000000000000000000000000000000000001010101010101010111111111111111111111111111111111111111111111001100000000000011100011001101100000000000000000000000001100000000000
0100101 0000000000000000000000000000000000000000000000000000000000000000000000000000000000000000000000000000000000000000000000000000000000000000000000000000000000000000000000000000000000000000000000000000000000000000000000000000000000000000000000000000000000000000111111111111111111111111111111111111111111111101100000000000011100001001101100000000000000000000000001100000000000
0010000 00000000000000000000000000110000010000000000000000000100000000000
1110101 00000000000000000000000000001111
1110110 00000000000000000000000000000001
1110111 00000000000000000000000000000000
1111000 00000000000000001010101010101010
1111001 10101010101110111100110011011101
1111111
