1110000 00000000000000000000000000000011
1110001 00000000000000000000000000000000
1110010 00000000000000000000000000000000
1110011 10101010101110111100110011011101
1110100 10101010101110111100110011011101
0000000 00011000000000000000000010000000000000000000000000000000000000000000000110000001000000000000000000000000000000000000000100000000000
1010000 0000000000000000000000000000000000000000000000000000000000000000000000000000000000000000000000000000000000000000000000000000000000000000000000000000000000000000000000000000000000000000000000000000000000000000000000000000000000000000000000000000000000000000000010101010101110111100110011011101111111111111111111111111111111110000000000000000000000000000000000000100101000000000000000000000000000000000010000
1010001 0000000000000000000000000000000000000000000000000000000000000000000000000000000000000000000000000000000000000000000000000000000000000000000000000000000000000000000000000000000000000000000000000000000000000000000000000000000000000000000000000000000000000000000000000000000000000000000000000000111111111111111111111111111111110000000000000100000000000000000000000100101000000000000000000000000000000000010000
0010000 00000000000000000000000000110000010000000000000000000100000000000
1110101 00000000000000000000000000000001
1110110 00000000000000000000000000000000
1110111 00000000000000000000000000000000
1111000 10101010101110111100110011011101
1111001 10101010101110111100110011011101
1111111
